min 1.701908
curr[1]=1.690718
curr[2]=1.722055
curr[3]=1.627480
curr[4]=1.523765
curr[5]=1.607892
curr[6]=1.611929
curr[7]=1.628163
curr[8]=1.666755
curr[9]=1.580214
curr[10]=1.605309
curr[11]=1.623490
curr[12]=1.666964
curr[13]=1.708959
curr[14]=1.737509
curr[15]=1.593510
curr[16]=1.621600
curr[17]=1.678725
curr[18]=1.619119
curr[19]=1.460529
curr[20]=1.608976
curr[21]=1.689329
curr[22]=1.695990
curr[23]=1.526667
curr[24]=1.679121
curr[25]=1.682702
See